R = 0.0125;
L = 0.0375;


